receptor = /home/user/input_0.pdbqt
ligand = /home/user/ligand.pdbqt
tunnel = /home/user/data/tunnel.dsd
center_x = 21.05568387500829
center_y = 35.02787778619443
center_z = 0.6386399286098001
size_x = 14
size_y = 13
size_z = 15
catomnum = 0
exhaustiveness = 1
cpu = 1